7002.570551 5890.825277
15087.234678 25628.060733
21824.489021 22370.809834
23306.885670 17234.170030
24497.000000 6163.084873
25934.538318 23294.776340
32973.962633 20675.530140
40450.302845 23378.281609
49600.066292 18478.226535
57531.977457 12129.281533
13459.804810 35186.121155
19505.231435 33808.596149
23528.215710 34179.178280
26858.660634 28875.880759
29091.812153 29736.837188
31163.117912 31878.412162
34669.786382 29042.120136
37137.959283 33280.981813
41221.018454 32458.500410
49664.239750 33372.913819
14549.902502 38899.610360
18009.765398 39861.621653
23321.339265 39184.353305
29032.989978 39301.521848
32214.439408 37389.333240
33413.770303 39660.806132
36559.845586 38297.223036
38864.884786 38349.840424
43329.062842 38591.718704
49688.457629 37919.079574
15926.819268 47268.705470
22886.518295 44124.767862
24497.000000 45582.418602
26359.884828 47416.088415
30212.928839 47571.164924
30866.936110 46491.285062
32664.413086 44742.142657
33296.805256 46043.414743
38531.422145 42755.564517
47113.723122 42772.355497
4298.077829 53810.573164
9853.663445 53494.957481
18269.563629 51599.864926
22730.430795 51878.741572
29073.101107 50754.246295
31341.876325 48534.328606
31702.000000 51623.370107
33313.432484 48549.677892
35148.060128 50260.264216
38031.087780 49339.724064